0000000   16600   07228   28880   21699   41652   26141   24938   53620
0000010   51214   39048   54052   13083   12460   64255   17488   16020
0000020   46142   13006   44049   64850   25037   03819   26204   02548
0000030   11455   22679   56501   48021   47475   53107   45679   58751
0000040   10274   02278   51323   10935   34095   09656   18369   01518
0000050   56792   54051   26916   02112   58231   28302   24743   49561
0000060   06159   05693   05288   03894   30227   41077   30496   29559
0000070   60144   02824   14544   53462   45358   37419   19325   25380
0000080   42003   62615   47352   27206   61548   62698   54330   62506
0000090   38945   08659   15913   41317   62121   33326   05721   36215
00000a0   38836   44398   37121   07850   51431   52161   21838   30057
00000b0   42030   26837   36757   61518   19611   08292   20399   10679
00000c0   16100   49715   23497   02314   39473   07131   18626   30891
00000d0   31459   07197   17354   29150   17030   42732   51350   50862
00000e0   25647   24808   14557   30010   23760   43246   40594   41236
00000f0   09890   15609   03696   57485   59136   21057   37701   53961
0000100   32584   49600   29576   10623   47307   27422   21594   52293
0000110   52085   59679   26071   53263   61815   43660   60693   08502
0000120   58494   24818   62399   31080   48365   23223   49506   26965
0000130   56831   53493   57785   26690   46414   04279   31988   14265
0000140   19894   31194   55912   18829   62479   46501   24933   38621
0000150   12103   17180   45901   16708   35003   30457   31555   43373
0000160   40827   55904   04211   32061   31825   34472   17497   14773
0000170   28857   61497   15538   21512   03251   43592   07730   07509
0000180   03127   54984   21744   15296   11366   46691   32003   20153
0000190   41447   50302   07662   11221   11325   33031   58690   15223
00001a0   57649   44578   37418   33176   43065   51994   03806   29862
00001b0   05486   07299   11140   55979   34473   24228   29121   28505
00001c0   08002   37918   13654   16802   19109   20496   57941   32075
00001d0   15398   01373   08423   11784   20021   29746   62611   34932
00001e0   57610   10848   62549   26316   23461   55980   29586   26060
00001f0   23498   02444   10765   35000   35271   63448   53138   05968
0000200   00000   00000   00000   00000   00000   00000   00000   00000
*
0002000
