0000000   40539   19249   27392   16081   41983   11370   15625   57890
0000010   28073   09977   41341   63561   08145   49132   01158   10746
0000020   64583   32671   01149   64402   48219   21474   36516   37277
0000030   39129   05527   11805   28129   15034   22648   50399   30575
0000040   19365   26964   61685   63060   56523   13742   39966   40101
0000050   22982   48485   31035   01275   37131   20975   08025   30320
0000060   29939   20555   43798   54072   53886   61824   35664   17992
0000070   17666   17417   01122   56930   51045   36770   39247   29594
0000080   54836   42439   56241   51085   32424   05226   27227   04769
0000090   52653   00073   13833   40180   05582   06645   23175   07161
00000a0   55342   31498   13601   03043   47719   16081   57046   23355
00000b0   32419   21241   12916   41531   38125   19543   08137   48762
00000c0   39734   07257   19470   62693   36466   19994   62115   64590
00000d0   57281   33065   06239   25198   09541   55461   41356   14084
00000e0   54679   61586   63113   48830   40683   62363   40790   57341
00000f0   50460   53451   51648   51208   06220   02040   58785   36424
0000100   00099   65175   06122   51108   10015   28738   29110   27122
0000110   39067   22727   40982   18368   13989   50405   60441   03787
0000120   08963   32450   01465   34121   47256   10665   49357   12717
0000130   41028   32974   18757   65098   28563   42440   09742   49941
0000140   04208   47668   09935   18259   17505   46420   53063   40743
0000150   09968   45074   02964   25591   40749   02147   21371   63230
0000160   41371   58246   24413   33874   02927   55069   02756   53044
0000170   48337   22457   46069   60019   52407   55770   64466   47975
0000180   55742   51905   47186   28388   04265   11178   15102   53761
0000190   30791   65249   20269   62889   49594   13027   55872   11794
00001a0   20194   01415   32835   48760   06926   12471   21002   24850
00001b0   26548   40881   44635   25952   21745   35488   24131   60035
00001c0   17438   12319   61849   32570   50554   05804   38880   21549
00001d0   55390   04024   04232   22303   59129   13313   18895   20331
00001e0   24074   34835   17510   38887   55000   40325   13547   03235
00001f0   28851   16429   46950   11320   13406   56931   04092   61921
0000200   00000   00000   00000   00000   00000   00000   00000   00000
*
0002000
